148.299.999
124572474
100844948
77117422
53389896
29662370
5934844
2784
2546
2309
2071
1833
1595
1447
1388
1329
1270
1211
1152
1093
1033
974
915
856
797
738
718
698
678
658
638
618
599
579
559
539
519
499
484
474
464
454
444
434
424
414
404
394
384
374
364
359
353
347
342
336
330
324
319
313
307
302
296
291
287
282
278
274
270
265
261
257
253
248
244
240
237
234
231
228
226
223
220
217
214
211
208
206
203
201
199
197
195
192
190
188
186
184
182
180
177
176
175
173
172
170
169
167
166
165
163
162
160
